1.434057617187500000e+02
1.286915283203125000e+02
1.324871215820312500e+02
1.349777374267578125e+02
1.375903930664062500e+02
1.326038513183593750e+02
1.300129852294921875e+02
1.310434875488281250e+02
1.374312438964843750e+02
1.336317443847656250e+02
1.379639129638671875e+02
1.337289428710937500e+02
1.319886932373046875e+02
1.325048370361328125e+02
1.349910888671875000e+02
1.269840164184570312e+02
1.345008087158203125e+02
1.339503631591796875e+02
1.343324127197265625e+02
1.354465484619140625e+02
1.336926879882812500e+02
1.386241607666015625e+02
1.395238342285156250e+02
1.371917114257812500e+02
1.318226623535156250e+02
1.346269073486328125e+02
1.333238983154296875e+02
1.354864044189453125e+02
1.378158264160156250e+02
1.337961730957031250e+02
1.348096160888671875e+02
1.307805786132812500e+02
1.359304351806640625e+02
1.298536987304687500e+02
1.333064575195312500e+02
1.341799011230468750e+02
1.318723449707031250e+02
1.355440368652343750e+02
1.345323638916015625e+02
1.296750946044921875e+02
1.309270019531250000e+02
1.320665740966796875e+02
1.323835449218750000e+02
1.334954986572265625e+02
1.317450256347656250e+02
1.384922637939453125e+02
1.273414382934570312e+02
1.409111633300781250e+02
1.344987792968750000e+02
1.304391784667968750e+02
1.330515289306640625e+02
1.348534240722656250e+02
1.339700469970703125e+02
1.324299774169921875e+02
1.323526306152343750e+02
1.329605560302734375e+02
1.302992858886718750e+02
1.322416687011718750e+02
1.340549163818359375e+02
1.278499755859375000e+02
1.324891052246093750e+02
1.316328125000000000e+02
1.298416442871093750e+02
1.325212860107421875e+02
1.299895324707031250e+02
1.343678131103515625e+02
1.331854248046875000e+02
1.349204406738281250e+02
1.366196289062500000e+02
1.388916168212890625e+02
1.323345031738281250e+02
1.322676239013671875e+02
1.339542999267578125e+02
1.340088195800781250e+02
1.312083892822265625e+02
1.326083679199218750e+02
1.322000732421875000e+02
1.315374450683593750e+02
1.322969360351562500e+02
1.346013488769531250e+02
1.400500946044921875e+02
1.370128631591796875e+02
1.365076293945312500e+02
1.310174407958984375e+02
1.319313507080078125e+02
1.359683227539062500e+02
1.347694854736328125e+02
1.326802520751953125e+02
1.344146423339843750e+02
1.347583465576171875e+02
1.326271057128906250e+02
1.318760070800781250e+02
1.340693969726562500e+02
1.366838531494140625e+02
1.357677917480468750e+02
1.365452575683593750e+02
1.391993713378906250e+02
1.367520294189453125e+02
1.369766082763671875e+02
1.363975677490234375e+02
1.305010986328125000e+02
1.307802581787109375e+02
1.317602996826171875e+02
1.322695312500000000e+02
