-3.366860580444335938e+01
-3.257364273071289062e+01
-3.370167541503906250e+01
-3.270381546020507812e+01
-3.291518783569335938e+01
-3.197748947143554688e+01
-2.927859878540039062e+01
-3.132765388488769531e+01
-3.323846054077148438e+01
-3.186490058898925781e+01
-3.114064788818359375e+01
-3.308300781250000000e+01
-2.814579772949218750e+01
-2.986772155761718750e+01
-3.115198135375976562e+01
-2.559817123413085938e+01
-3.313803482055664062e+01
-3.136039924621582031e+01
-2.989686584472656250e+01
-3.416872406005859375e+01
-3.015040397644042969e+01
-3.075544548034667969e+01
-3.076243209838867188e+01
-3.167858314514160156e+01
-2.671507263183593750e+01
-2.688495063781738281e+01
-2.369107627868652344e+01
-2.709427070617675781e+01
-2.514995956420898438e+01
-2.598798179626464844e+01
-2.695529937744140625e+01
-2.505179977416992188e+01
-2.571229934692382812e+01
-1.971434211730957031e+01
-2.332669067382812500e+01
-2.090955543518066406e+01
-2.343227767944335938e+01
-2.493480300903320312e+01
-2.347568130493164062e+01
-2.199341583251953125e+01
-2.209352684020996094e+01
-2.590564918518066406e+01
-2.578922843933105469e+01
-2.485972976684570312e+01
-2.654637145996093750e+01
-2.944349670410156250e+01
-2.082087135314941406e+01
-2.414709854125976562e+01
-2.394372367858886719e+01
-2.721046638488769531e+01
-2.846446418762207031e+01
-3.014194107055664062e+01
-2.567395591735839844e+01
-2.402339363098144531e+01
-2.296722793579101562e+01
-2.712467384338378906e+01
-2.392880249023437500e+01
-2.466485977172851562e+01
-2.586123466491699219e+01
-2.266597557067871094e+01
-2.925525665283203125e+01
-2.709525680541992188e+01
-2.488626098632812500e+01
-2.716558265686035156e+01
-2.465854072570800781e+01
-2.761916351318359375e+01
-2.481643295288085938e+01
-2.227470207214355469e+01
-2.398689079284667969e+01
-2.747056388854980469e+01
-1.957792472839355469e+01
-2.385272026062011719e+01
-2.782524299621582031e+01
-2.553241729736328125e+01
-2.337438964843750000e+01
-2.377515220642089844e+01
-2.354121589660644531e+01
-2.714429664611816406e+01
-2.738649559020996094e+01
-2.908745574951171875e+01
-3.312018966674804688e+01
-3.149843978881835938e+01
-3.361610412597656250e+01
-2.389809989929199219e+01
-2.943026542663574219e+01
-2.808181571960449219e+01
-3.171360397338867188e+01
-2.920648574829101562e+01
-2.910605812072753906e+01
-2.945631980895996094e+01
-2.888969993591308594e+01
-2.753552627563476562e+01
-2.986749649047851562e+01
-2.803763580322265625e+01
-2.994930839538574219e+01
-3.034743309020996094e+01
-3.188733100891113281e+01
-3.368095016479492188e+01
-3.274628829956054688e+01
-3.052059555053710938e+01
-2.616249084472656250e+01
-2.892350387573242188e+01
-3.112660789489746094e+01
-2.285143280029296875e+01
