1.8965725899 2.0135631561
1.8997613192 2.0315258503
1.9032030106 2.0495183468
1.9068859816 2.0675761700
1.9109151363 2.0856697559
1.9150067568 2.1037225723
1.9192929268 2.1217987537
1.9238163233 2.1399528980
1.9286737442 2.1581709385
1.9336658716 2.1763107777
1.9388686419 2.1946115494
1.9443016052 2.2128958702
1.9498143196 2.2310600281
1.9555575848 2.2493488789
1.9614760876 2.2676990032
1.9675360918 2.2860498428
1.9737641811 2.3043618202
1.9801837206 2.3226177692
1.9866958857 2.3410964012
1.9934092760 2.3594415188
2.0002043247 2.3777346611
2.0070490837 2.3962013721
2.0141179562 2.4145295620
2.0212483406 2.4329657555
2.0284845829 2.4514167309
2.0358524323 2.4697597027
2.0432212353 2.4882173538
2.0508103371 2.5065994263
2.0583739281 2.5251190662
2.0659248829 2.5433871746
2.0736651421 2.5618901253
