2.239852714538574219e+01
2.163319587707519531e+01
2.068033599853515625e+01
1.994783401489257812e+01
1.920264053344726562e+01
1.829771995544433594e+01
1.756237030029296875e+01
1.682131385803222656e+01
1.598410987854003906e+01
1.526115226745605469e+01
1.453193759918212891e+01
1.380043792724609375e+01
1.307314014434814453e+01
1.234686088562011719e+01
1.162208557128906250e+01
1.090607357025146484e+01
1.017140483856201172e+01
9.443211555480957031e+00
8.715507507324218750e+00
7.980819702148437500e+00
7.250495910644531250e+00
6.520952224731445312e+00
5.793492317199707031e+00
5.065813541412353516e+00
4.335037231445312500e+00
3.609396934509277344e+00
2.882965326309204102e+00
2.160211086273193359e+00
1.438582658767700195e+00
7.184605598449707031e-01
0.000000000000000000e+00
