2.3716409206 1.5398031473 2.4926981926 1.8576231003
2.3631370068 1.5268875360 2.4837429523 1.8531271219
2.3545155525 1.5135178566 2.4747908115 1.8485323191
2.3458199501 1.4998682737 2.4656608105 1.8438432217
2.3368856907 1.4859732389 2.4564280510 1.8390067816
2.3279221058 1.4718036652 2.4471328259 1.8341624737
2.3188374043 1.4573773146 2.4377090931 1.8291347027
2.3096508980 1.4424936771 2.4282414913 1.8240518570
2.3005473614 1.4275631905 2.4186034203 1.8189173937
2.2911894321 1.4123733044 2.4088559151 1.8136029243
2.2818810940 1.3968344927 2.3991742134 1.8082329035
2.2724320889 1.3811032772 2.3891286850 1.8028101921
2.2630074024 1.3651422262 2.3790869713 1.7973383665
2.2536337376 1.3489656448 2.3690586090 1.7916798592
2.2442073822 1.3326745033 2.3588418961 1.7858964205
2.2348048687 1.3161484003 2.3484735489 1.7800141573
2.2253274918 1.2995736599 2.3381681442 1.7741646767
2.2158539295 1.2827008963 2.3275642395 1.7682235241
2.2065463066 1.2657371759 2.3170008659 1.7621433735
2.1971967220 1.2487053871 2.3063101768 1.7558959723
2.1879487038 1.2314890623 2.2954685688 1.7496323586
2.1787269115 1.2140903473 2.2845861912 1.7432476282
2.1696259975 1.1966884136 2.2735903263 1.7368477583
2.1605486870 1.1792402267 2.2624745369 1.7303133011
2.1515197754 1.1616542339 2.2513074875 1.7236183882
2.1426572800 1.1439403296 2.2400968075 1.7170264721
2.1339559555 1.1261901855 2.2286901474 1.7102739811
2.1252744198 1.1085264683 2.2172946930 1.7032626867
2.1167557240 1.0906363726 2.2057325840 1.6964069605
2.1083893776 1.0728054047 2.1940524578 1.6893488169
2.1001684666 1.0549643040 2.1823208332 1.6821988821
