0.6057136059 0.5498284101 0.9426382184 0.5314572453 0.5453624725 1.3281953335
0.6046033502 0.5485864282 0.9299002290 0.5356281400 0.5425540805 1.3239806890
0.6035826802 0.5473471880 0.9173601866 0.5398101211 0.5397351384 1.3197758198
0.6026524305 0.5462296605 0.9051299095 0.5440052748 0.5369923115 1.3155139685
0.6019115448 0.5450977087 0.8932706714 0.5482228398 0.5343077779 1.3112424612
0.6012657285 0.5439339280 0.8816642165 0.5523389578 0.5315934420 1.3069864511
0.6007418633 0.5427362919 0.8703556061 0.5565711260 0.5290712714 1.3026003838
0.6003127694 0.5418080091 0.8595090508 0.5608267784 0.5265391469 1.2982858419
0.6000263095 0.5408077240 0.8490617871 0.5650869608 0.5240852833 1.2939345837
0.5999844670 0.5398930311 0.8391926289 0.5691543221 0.5216929317 1.2896045446
0.5999857187 0.5390800238 0.8297597766 0.5734467506 0.5193648338 1.2852693796
0.6002463102 0.5382608175 0.8208762407 0.5776565671 0.5170677304 1.2809062004
0.6005879641 0.5376578569 0.8126506805 0.5818752646 0.5148940086 1.2765666246
0.6012014747 0.5370324850 0.8049301505 0.5862213969 0.5127509236 1.2722331285
0.6019154787 0.5365996361 0.7979134321 0.5904860497 0.5106511116 1.2678252459
0.6028321981 0.5361956954 0.7917290926 0.5947765708 0.5085625648 1.2633333206
0.6040679812 0.5360075235 0.7861877680 0.5990611315 0.5066716671 1.2589663267
0.6054527164 0.5360068083 0.7814340591 0.6033772230 0.5047217011 1.2547775507
0.6071725488 0.5361523628 0.7775282860 0.6076114178 0.5028728247 1.2503283024
0.6090364456 0.5364537835 0.7745032907 0.6119560003 0.5012252927 1.2459539175
0.6111854911 0.5369883180 0.7722051144 0.6162193418 0.4994572997 1.2416484356
0.6136056185 0.5376648307 0.7708839774 0.6205322146 0.4977580011 1.2373430729
0.6163839102 0.5387275219 0.7704744935 0.6248431802 0.4962599576 1.2330955267
0.6194209456 0.5399716496 0.7709818482 0.6292856932 0.4947727919 1.2288151979
0.6228179336 0.5413298011 0.7723500729 0.6336304545 0.4934189022 1.2246031761
0.6264245510 0.5431078672 0.7747421265 0.6380474567 0.4919764996 1.2203639746
0.6305196285 0.5453191400 0.7782050967 0.6424416304 0.4907103181 1.2162383795
0.6349089742 0.5477730632 0.7824636698 0.6467754841 0.4894521534 1.2120506763
0.6397694349 0.5505881310 0.7877120972 0.6512282491 0.4882905781 1.2079361677
0.6449320912 0.5537211895 0.7939810753 0.6556184292 0.4872194827 1.2038549185
0.6505392790 0.5573499203 0.8011881709 0.6601233482 0.4862145782 1.1998090744
