0.9132550359 1.7260951996 0.9032796621 1.5347164869
0.9264745712 1.7279498577 0.9133217335 1.5355983973
0.9397077560 1.7300214767 0.9235366583 1.5367723703
0.9529685378 1.7323764563 0.9339191914 1.5382412672
0.9662992954 1.7349356413 0.9446281195 1.5401223898
0.9796043634 1.7376126051 0.9553624392 1.5422929525
0.9928795695 1.7404918671 0.9663974643 1.5448504686
1.0062901974 1.7437603474 0.9775959253 1.5476096869
1.0196018219 1.7471369505 0.9889202118 1.5507557392
1.0330221653 1.7507203817 1.0004274845 1.5541962385
1.0463565588 1.7544962168 1.0119514465 1.5580246449
1.0597946644 1.7584799528 1.0237003565 1.5620557070
1.0732136965 1.7627508640 1.0356773138 1.5665565729
1.0865590572 1.7671319246 1.0475465059 1.5712251663
1.1000515223 1.7717822790 1.0596926212 1.5762873888
1.1134750843 1.7766330242 1.0718828440 1.5816121101
1.1269208193 1.7815773487 1.0841157436 1.5872081518
1.1403946877 1.7868221998 1.0964320898 1.5931016207
1.1538311243 1.7922167778 1.1089056730 1.5994281769
1.1673758030 1.7978026867 1.1214625835 1.6059379578
1.1808425188 1.8035610914 1.1340751648 1.6127930880
1.1943196058 1.8094867468 1.1466640234 1.6198915243
1.2078739405 1.8156627417 1.1593700647 1.6271686554
1.2212910652 1.8219101429 1.1721516848 1.6348823309
1.2348831892 1.8284182549 1.1849519014 1.6427512169
1.2484380007 1.8349940777 1.1977174282 1.6510201693
1.2619109154 1.8416999578 1.2106426954 1.6594464779
1.2754594088 1.8486654758 1.2235432863 1.6681959629
1.2891119719 1.8557544947 1.2365007401 1.6771003008
1.3026269674 1.8629971743 1.2494753599 1.6863808632
1.3162008524 1.8703249693 1.2624570131 1.6958010197
