2.6369209290 -16.8339138031 2.8664407730 -17.9167804718 4.9099469185
2.6274545193 -16.4069118500 2.8623330593 -17.4030208588 4.8795790672
2.6178638935 -15.9787693024 2.8581125736 -16.8901214600 4.8496985435
2.6081569195 -15.5499181747 2.8538007736 -16.3779468536 4.8203282356
2.5983119011 -15.1199598312 2.8493885994 -15.8667945862 4.7914857864
2.5883374214 -14.6886911392 2.8448953629 -15.3566703796 4.7631945610
2.5782325268 -14.2557706833 2.8403196335 -14.8477191925 4.7354774475
2.5679972172 -13.8211650848 2.8356759548 -14.3398818970 4.7083606720
2.5576283932 -13.3839054108 2.8309714794 -13.8329515457 4.6818685532
2.5471341610 -12.9437608719 2.8262066841 -13.3269710541 4.6560263634
2.5365419388 -12.5000448227 2.8213958740 -12.8216161728 4.6308679581
2.5258507729 -12.0521039963 2.8165516853 -12.3169307709 4.6064090729
2.5150909424 -11.5993127823 2.8116607666 -11.8122320175 4.5826778412
2.5042786598 -11.1409091949 2.8067526817 -11.3081760406 4.5596923828
2.4934570789 -10.6758852005 2.8018085957 -10.8052606583 4.5374641418
2.4826555252 -10.2033815384 2.7968506813 -10.3054037094 4.5158333778
2.4719021320 -9.7237749100 2.7918603420 -9.8099174500 4.4953255653
2.4612472057 -9.2377729416 2.7868559361 -9.3178939819 4.4756278992
2.4507188797 -8.7454833984 2.7818245888 -8.8274269104 4.4569015503
2.4403681755 -8.2466869354 2.7767724991 -8.3379087448 4.4391665459
2.4302325249 -7.7412567139 2.7716999054 -7.8495202065 4.4224376678
2.4203519821 -7.2300033569 2.7665963173 -7.3621587753 4.4067435265
2.4107604027 -6.7127175331 2.7614755630 -6.8766307831 4.3921084404
2.4015007019 -6.1899752617 2.7563219070 -6.3931307793 4.3785529137
2.3925909996 -5.6619715691 2.7511353493 -5.9118595123 4.3661055565
2.3840758801 -5.1294450760 2.7459182739 -5.4335417747 4.3547868729
2.3759772778 -4.5921473503 2.7406678200 -4.9579710960 4.3446273804
2.3683104515 -4.0509963036 2.7353713512 -4.4860339165 4.3356451988
2.3611140251 -3.5057203770 2.7300240993 -4.0176215172 4.3278656006
2.3543851376 -2.9568061829 2.7246322632 -3.5530543327 4.3213067055
2.3481571674 -2.4042496681 2.7191798687 -3.0925486088 4.3159880638
