1.303864440917968750e+02
1.323847045898437500e+02
1.314091644287109375e+02
1.320670318603515625e+02
1.329668121337890625e+02
1.302759857177734375e+02
1.288184509277343750e+02
1.298631744384765625e+02
1.288534088134765625e+02
1.282284088134765625e+02
1.288325653076171875e+02
1.292907714843750000e+02
1.287181396484375000e+02
1.316520233154296875e+02
1.241901779174804688e+02
1.260447387695312500e+02
1.283584594726562500e+02
1.321034698486328125e+02
1.294911499023437500e+02
1.285760192871093750e+02
1.244837951660156250e+02
1.263895950317382812e+02
1.264533920288085938e+02
1.255463256835937500e+02
1.263232192993164062e+02
1.263813323974609375e+02
1.277855224609375000e+02
1.337258911132812500e+02
1.329306793212890625e+02
1.351665344238281250e+02
1.292471618652343750e+02
1.317444915771484375e+02
1.300915985107421875e+02
1.294522399902343750e+02
1.280050201416015625e+02
1.280878448486328125e+02
1.279130706787109375e+02
1.291797180175781250e+02
1.288623657226562500e+02
1.274563598632812500e+02
1.303942871093750000e+02
1.320241851806640625e+02
1.314446411132812500e+02
1.299749908447265625e+02
1.296992950439453125e+02
1.310595855712890625e+02
1.322270660400390625e+02
1.287535400390625000e+02
1.333484802246093750e+02
1.361289672851562500e+02
