-1.348742771148681641e+01
-1.587927341461181641e+01
-1.770708465576171875e+01
-1.501292705535888672e+01
-1.498650646209716797e+01
-1.094197082519531250e+01
-1.384902954101562500e+01
-1.611453056335449219e+01
-1.481763362884521484e+01
-1.213009452819824219e+01
-1.206550788879394531e+01
-1.575948715209960938e+01
-1.687652969360351562e+01
-1.418542289733886719e+01
-9.598022460937500000e+00
-1.334207153320312500e+01
-1.296055507659912109e+01
-1.968937873840332031e+01
-1.333317279815673828e+01
-1.306386756896972656e+01
-1.280021381378173828e+01
-1.543074512481689453e+01
-1.265870857238769531e+01
-1.164188575744628906e+01
-1.191114807128906250e+01
-1.355255699157714844e+01
-1.296328067779541016e+01
-1.380020141601562500e+01
-1.270818805694580078e+01
-1.084001636505126953e+01
-1.367009830474853516e+01
-1.522691917419433594e+01
-1.304837322235107422e+01
-1.324815368652343750e+01
-1.185800457000732422e+01
-1.421470165252685547e+01
-1.306797790527343750e+01
-1.293938064575195312e+01
-1.516237354278564453e+01
-1.082272148132324219e+01
-1.348455715179443359e+01
-1.391161632537841797e+01
-1.550239086151123047e+01
-1.635514068603515625e+01
-1.542282390594482422e+01
-1.560340595245361328e+01
-1.579061603546142578e+01
-1.452340126037597656e+01
-1.436960411071777344e+01
-1.716269874572753906e+01
