1.332528228759765625e+02
1.331074523925781250e+02
1.300901641845703125e+02
1.288293609619140625e+02
1.285537261962890625e+02
1.310013427734375000e+02
1.279607162475585938e+02
1.238692474365234375e+02
1.299829254150390625e+02
1.224576339721679688e+02
1.296065673828125000e+02
1.253024902343750000e+02
1.278426818847656250e+02
1.239274063110351562e+02
1.282502441406250000e+02
1.270817260742187500e+02
1.261865081787109375e+02
1.303196105957031250e+02
1.267885208129882812e+02
1.278522415161132812e+02
1.265007781982421875e+02
1.252662658691406250e+02
1.295417633056640625e+02
1.268841705322265625e+02
1.251886978149414062e+02
1.261045455932617188e+02
1.292844543457031250e+02
1.300585784912109375e+02
1.329653015136718750e+02
1.314976501464843750e+02
1.308082733154296875e+02
1.305960540771484375e+02
1.317490692138671875e+02
1.308442840576171875e+02
1.297350311279296875e+02
1.295696258544921875e+02
1.322915954589843750e+02
1.282899322509765625e+02
1.297426300048828125e+02
1.285790863037109375e+02
1.255423126220703125e+02
1.277205123901367188e+02
1.260077209472656250e+02
1.247337951660156250e+02
1.223344497680664062e+02
1.228178176879882812e+02
1.241014175415039062e+02
1.270411148071289062e+02
1.263395309448242188e+02
1.253356552124023438e+02
1.265227432250976562e+02
1.259247207641601562e+02
1.263295211791992188e+02
1.300563507080078125e+02
1.312830352783203125e+02
1.298843841552734375e+02
1.263206253051757812e+02
1.314518127441406250e+02
1.290373840332031250e+02
1.295257110595703125e+02
1.295960083007812500e+02
1.292156982421875000e+02
1.270327453613281250e+02
1.293320312500000000e+02
1.292471466064453125e+02
1.308050689697265625e+02
1.253343200683593750e+02
1.270468673706054688e+02
1.288800048828125000e+02
1.284869079589843750e+02
1.325036926269531250e+02
1.269062728881835938e+02
1.318498229980468750e+02
1.316302947998046875e+02
1.295506134033203125e+02
1.284194183349609375e+02
1.336423339843750000e+02
1.328392639160156250e+02
1.306124572753906250e+02
1.308843231201171875e+02
1.313586578369140625e+02
1.285498046875000000e+02
1.332427673339843750e+02
1.332972717285156250e+02
1.349560241699218750e+02
1.329958953857421875e+02
1.354561462402343750e+02
1.341744689941406250e+02
1.336338958740234375e+02
1.366347961425781250e+02
1.334510192871093750e+02
1.306782531738281250e+02
1.340948333740234375e+02
1.286562042236328125e+02
1.231314773559570312e+02
1.327805328369140625e+02
1.274287185668945312e+02
1.305957794189453125e+02
1.290811767578125000e+02
1.326458740234375000e+02
1.314900207519531250e+02
1.303425445556640625e+02
1.323282623291015625e+02
1.367221069335937500e+02
1.298184814453125000e+02
1.322532196044921875e+02
1.304051666259765625e+02
1.289492034912109375e+02
1.252873153686523438e+02
