1.332528228759765625e+02
1.331074523925781250e+02
1.300901641845703125e+02
1.288293609619140625e+02
1.285537261962890625e+02
1.310013427734375000e+02
1.279607162475585938e+02
1.238692474365234375e+02
1.299829254150390625e+02
1.224576339721679688e+02
1.296065673828125000e+02
1.253024902343750000e+02
1.278426818847656250e+02
1.239274063110351562e+02
1.282502441406250000e+02
1.270817260742187500e+02
1.261865081787109375e+02
1.303196105957031250e+02
1.267885208129882812e+02
1.278522415161132812e+02
1.265007781982421875e+02
1.252662658691406250e+02
1.295417633056640625e+02
1.268841705322265625e+02
1.251886978149414062e+02
1.261045455932617188e+02
1.292844543457031250e+02
1.300585784912109375e+02
1.329653015136718750e+02
1.314976501464843750e+02
1.308082733154296875e+02
1.305960540771484375e+02
1.317490692138671875e+02
1.308442840576171875e+02
1.297350311279296875e+02
1.295696258544921875e+02
1.322915954589843750e+02
1.282899322509765625e+02
1.297426300048828125e+02
1.285790863037109375e+02
1.255423126220703125e+02
1.277205123901367188e+02
1.260077209472656250e+02
1.247337951660156250e+02
1.223344497680664062e+02
1.228178176879882812e+02
1.241014175415039062e+02
1.270411148071289062e+02
1.263395309448242188e+02
1.253356552124023438e+02
