-1.003199100494384766e+01
-1.504525089263916016e+01
-1.282335758209228516e+01
-1.242159938812255859e+01
-1.506679534912109375e+01
-1.268165111541748047e+01
-7.862750053405761719e+00
-2.595803976058959961e+00
-9.609155654907226562e+00
-1.037206053733825684e+00
-5.435095310211181641e+00
-3.990845680236816406e+00
-4.697572231292724609e+00
-3.557512044906616211e+00
-4.443336486816406250e+00
-7.223923683166503906e+00
-9.831129074096679688e+00
-1.046491050720214844e+01
-7.701532363891601562e+00
-1.178661727905273438e+01
-6.997719287872314453e+00
-7.031343936920166016e+00
-1.003898715972900391e+01
-1.208334445953369141e+01
-8.726299285888671875e+00
-1.019909763336181641e+01
-1.463960647583007812e+01
-7.296172618865966797e+00
-1.387232398986816406e+01
-1.096709537506103516e+01
-1.493845272064208984e+01
-1.608492088317871094e+01
-1.898769378662109375e+01
-1.605816459655761719e+01
-9.068922042846679688e+00
-1.350575542449951172e+01
-1.441409873962402344e+01
-1.007542324066162109e+01
-1.159987735748291016e+01
-1.134384727478027344e+01
-1.182439804077148438e+01
-1.298210716247558594e+01
-1.467146778106689453e+01
-1.310108852386474609e+01
-1.111000347137451172e+01
-1.492467117309570312e+01
-1.271486663818359375e+01
-1.417519569396972656e+01
-1.358128738403320312e+01
-1.419165802001953125e+01
