-3.260211181640625000e+01
-3.190851402282714844e+01
-3.121401405334472656e+01
-3.051882743835449219e+01
-2.982224273681640625e+01
-2.912485313415527344e+01
-2.842659187316894531e+01
-2.772725296020507812e+01
-2.702701950073242188e+01
-2.632578659057617188e+01
-2.562381935119628906e+01
-2.492058372497558594e+01
-2.421601867675781250e+01
-2.351071548461914062e+01
-2.280428695678710938e+01
-2.209712219238281250e+01
-2.138835525512695312e+01
-2.067847442626953125e+01
-1.996763610839843750e+01
-1.925519752502441406e+01
-1.854182624816894531e+01
-1.782731437683105469e+01
-1.711129379272460938e+01
-1.639418792724609375e+01
-1.567594623565673828e+01
-1.495617675781250000e+01
-1.423518753051757812e+01
-1.351327705383300781e+01
-1.278986358642578125e+01
-1.206536293029785156e+01
-1.133950996398925781e+01
