1.421138305664062500e+02
1.418408203125000000e+02
1.415655670166015625e+02
1.412890014648437500e+02
1.410186767578125000e+02
1.407428741455078125e+02
1.404688110351562500e+02
1.401933746337890625e+02
1.399196929931640625e+02
1.396435089111328125e+02
1.393707580566406250e+02
1.390938415527343750e+02
1.388193969726562500e+02
1.385467224121093750e+02
1.382689514160156250e+02
1.379934997558593750e+02
1.377163391113281250e+02
1.374437713623046875e+02
1.371696166992187500e+02
1.368943023681640625e+02
1.366206359863281250e+02
1.363478851318359375e+02
1.360697631835937500e+02
1.357971649169921875e+02
1.355227050781250000e+02
1.352500610351562500e+02
1.349747924804687500e+02
1.347016448974609375e+02
1.344266052246093750e+02
1.341551055908203125e+02
1.338812103271484375e+02
