1.377747497558593750e+02
1.215513763427734375e+02
1.295854034423828125e+02
1.286839447021484375e+02
1.270238113403320312e+02
1.296186218261718750e+02
1.291839752197265625e+02
1.259721527099609375e+02
1.280248870849609375e+02
1.249370880126953125e+02
1.241647720336914062e+02
1.278099899291992188e+02
1.274060821533203125e+02
1.252536544799804688e+02
1.232448654174804688e+02
1.244258804321289062e+02
1.243707199096679688e+02
1.294304656982421875e+02
1.247551879882812500e+02
1.261206130981445312e+02
1.287221984863281250e+02
1.309677429199218750e+02
1.291002960205078125e+02
1.260913085937500000e+02
1.240416641235351562e+02
1.310382843017578125e+02
1.288821411132812500e+02
1.299976654052734375e+02
1.320995635986328125e+02
1.332533569335937500e+02
1.314759826660156250e+02
1.271195144653320312e+02
1.306521148681640625e+02
1.343099822998046875e+02
1.346240692138671875e+02
1.337881469726562500e+02
1.306224517822265625e+02
1.291160583496093750e+02
1.318800964355468750e+02
1.361977081298828125e+02
1.326777954101562500e+02
1.315887451171875000e+02
1.331925811767578125e+02
1.326177368164062500e+02
1.302525787353515625e+02
1.317804718017578125e+02
1.282047576904296875e+02
1.293796234130859375e+02
1.318535156250000000e+02
1.274531707763671875e+02
1.332467803955078125e+02
1.279268417358398438e+02
1.286258392333984375e+02
1.292042541503906250e+02
1.290723114013671875e+02
1.284039154052734375e+02
1.237275314331054688e+02
1.309753723144531250e+02
1.302779083251953125e+02
1.317281494140625000e+02
1.349973449707031250e+02
1.339648437500000000e+02
1.303921966552734375e+02
1.311064300537109375e+02
1.275432281494140625e+02
1.294277801513671875e+02
1.270647888183593750e+02
1.296198272705078125e+02
1.302280883789062500e+02
1.257406997680664062e+02
1.234473190307617188e+02
1.250059509277343750e+02
1.274910049438476562e+02
1.265378570556640625e+02
1.256452407836914062e+02
1.242140350341796875e+02
1.293151092529296875e+02
1.277986907958984375e+02
1.283334350585937500e+02
1.239507141113281250e+02
1.302643280029296875e+02
1.260726470947265625e+02
1.281053924560546875e+02
1.315721893310546875e+02
1.262516708374023438e+02
1.307672424316406250e+02
1.267496414184570312e+02
1.277136306762695312e+02
1.295897216796875000e+02
1.257640304565429688e+02
1.250640335083007812e+02
1.251523056030273438e+02
1.251434326171875000e+02
1.274347686767578125e+02
1.279820404052734375e+02
1.252324371337890625e+02
1.287873687744140625e+02
1.267054367065429688e+02
1.288929595947265625e+02
1.269386901855468750e+02
1.272085113525390625e+02
1.316949310302734375e+02
1.317907257080078125e+02
1.297412872314453125e+02
1.301441650390625000e+02
1.249853363037109375e+02
1.261600646972656250e+02
1.273117980957031250e+02
1.306706390380859375e+02
