-1.741512107849121094e+01
-1.558551216125488281e+01
-1.843888282775878906e+01
-2.232555580139160156e+01
-1.630554008483886719e+01
-2.218260383605957031e+01
-1.964440345764160156e+01
-2.076785659790039062e+01
-2.254955291748046875e+01
-2.443890380859375000e+01
-2.619902038574218750e+01
-2.588604545593261719e+01
-2.128381538391113281e+01
-2.089592552185058594e+01
-2.164735603332519531e+01
-2.268658256530761719e+01
-2.353281402587890625e+01
-2.512148284912109375e+01
-1.924054908752441406e+01
-2.002233886718750000e+01
-2.014214515686035156e+01
-2.730783462524414062e+01
-1.887124061584472656e+01
-1.874253654479980469e+01
-2.443672752380371094e+01
-2.878381156921386719e+01
-2.703484153747558594e+01
-2.938112640380859375e+01
-2.875041007995605469e+01
-2.812078285217285156e+01
-2.893826675415039062e+01
-2.586011505126953125e+01
-2.385188102722167969e+01
-2.892349243164062500e+01
-2.609941101074218750e+01
-2.755704116821289062e+01
-2.654831314086914062e+01
-2.652256393432617188e+01
-2.988106536865234375e+01
-2.476339340209960938e+01
-2.821780586242675781e+01
-2.490863037109375000e+01
-2.540001487731933594e+01
-2.800475502014160156e+01
-2.460378456115722656e+01
-2.883600616455078125e+01
-2.771083450317382812e+01
-2.557416343688964844e+01
-2.533326911926269531e+01
-2.155530357360839844e+01
-2.569909477233886719e+01
-2.207678413391113281e+01
-2.280966949462890625e+01
-2.224522972106933594e+01
-2.228160095214843750e+01
-2.378907775878906250e+01
-1.590583992004394531e+01
-2.614584732055664062e+01
-2.177876281738281250e+01
-2.204307365417480469e+01
-1.983614921569824219e+01
-2.548304939270019531e+01
-2.073103141784667969e+01
-2.061969947814941406e+01
-1.913097381591796875e+01
-2.183959579467773438e+01
-1.652187919616699219e+01
-2.658755493164062500e+01
-2.110770797729492188e+01
-1.858104133605957031e+01
-1.636061668395996094e+01
-1.289616584777832031e+01
-1.543916320800781250e+01
-1.429518032073974609e+01
-1.412959003448486328e+01
-1.560439968109130859e+01
-1.940348052978515625e+01
-2.045111656188964844e+01
-2.183471488952636719e+01
-2.109881973266601562e+01
-1.889238357543945312e+01
-1.667548751831054688e+01
-2.013760566711425781e+01
-2.254191398620605469e+01
-1.882409667968750000e+01
-2.326994705200195312e+01
-1.517284297943115234e+01
-1.881032371520996094e+01
-2.037288475036621094e+01
-1.912387847900390625e+01
-1.889450073242187500e+01
-1.679244232177734375e+01
-1.965642547607421875e+01
-2.145287513732910156e+01
-2.059825897216796875e+01
-1.731669235229492188e+01
-1.905589675903320312e+01
-2.024317169189453125e+01
-1.406732273101806641e+01
-1.820162582397460938e+01
-1.807873153686523438e+01
-1.588910961151123047e+01
-2.193079757690429688e+01
-2.070283508300781250e+01
-2.242612648010253906e+01
-1.829607772827148438e+01
-1.815486335754394531e+01
-2.262585830688476562e+01
-2.287859725952148438e+01
